0.844744 0.5 0.6 0 0.05
7
0.845074 0.5 0.6 0 0.05
7
0.84178 0.5 0.6 0 0.1
7
0.830041 0.5 0.6 0 0.2
7
0.844925 0.5 0.6 0.05 0.05
7
0.841226 0.5 0.6 0.05 0.1
7
0.830083 0.5 0.6 0.05 0.2
7
0.845447 0.5 0.6 0.1 0.05
7
0.842031 0.5 0.6 0.1 0.1
7
0.830356 0.5 0.6 0.1 0.2
7
0.845686 0.5 0.6 0 0.05
9
0.840005 0.5 0.6 0 0.1
9
0.826426 0.5 0.6 0 0.2
9
0.845495 0.5 0.6 0.05 0.05
9
0.840156 0.5 0.6 0.05 0.1
9
0.826586 0.5 0.6 0.05 0.2
9
0.845845 0.5 0.6 0.1 0.05
9
0.839537 0.5 0.6 0.1 0.1
9
0.826238 0.5 0.6 0.1 0.2
9
0.846056 0.5 0.6 0 0.05
11
0.836903 0.5 0.6 0 0.1
11
0.822495 0.5 0.6 0 0.2
11
0.845582 0.5 0.6 0.05 0.05
11
0.837604 0.5 0.6 0.05 0.1
11
0.822543 0.5 0.6 0.05 0.2
11
0.845176 0.5 0.6 0.1 0.05
11
