auc/subsample/colsamplebytree/gamma/eta max_depth

0.844815 0.75 0.6 0.1 0.05
0.75 0.6 0.1 0.05

0.842955 0.5 0.6 0 0.05
7
0.84293 0.5 0.6 0 0.05
7
0.838119 0.5 0.6 0 0.1
7
0.82535 0.5 0.6 0 0.2
7
0.842995 0.5 0.6 0.05 0.05
7
0.83824 0.5 0.6 0.05 0.1
7
0.825319 0.5 0.6 0.05 0.2
7
0.84322 0.5 0.6 0.1 0.05
7
0.838597 0.5 0.6 0.1 0.1
7
0.825818 0.5 0.6 0.1 0.2
7
0.843656 0.5 0.6 0 0.05
9
0.836104 0.5 0.6 0 0.1
9
0.821542 0.5 0.6 0 0.2
9
0.843293 0.5 0.6 0.05 0.05
9
0.835408 0.5 0.6 0.05 0.1
9
0.820531 0.5 0.6 0.05 0.2
9
0.842291 0.5 0.6 0.1 0.05
9
0.835722 0.5 0.6 0.1 0.1
9
0.820151 0.5 0.6 0.1 0.2
9
0.842304 0.5 0.6 0 0.05
11
0.833407 0.5 0.6 0 0.1
11
0.817705 0.5 0.6 0 0.2
11
0.842323 0.5 0.6 0.05 0.05
11
0.832457 0.5 0.6 0.05 0.1
11
0.818703 0.5 0.6 0.05 0.2
11
0.843265 0.5 0.6 0.1 0.05
11
0.833475 0.5 0.6 0.1 0.1
11
0.817752 0.5 0.6 0.1 0.2
11
0.842037 0.5 0.6 0 0.05
13
0.831299 0.5 0.6 0 0.1
13
0.814296 0.5 0.6 0 0.2
13
0.841576 0.5 0.6 0.05 0.05
13
0.831168 0.5 0.6 0.05 0.1
13
0.815864 0.5 0.6 0.05 0.2
13
0.841595 0.5 0.6 0.1 0.05
13
0.831946 0.5 0.6 0.1 0.1
13
0.814461 0.5 0.6 0.1 0.2
13
0.844213 0.75 0.6 0 0.05
7
0.84108 0.75 0.6 0 0.1
7
0.831122 0.75 0.6 0 0.2
7
0.84371 0.75 0.6 0.05 0.05
7
0.841115 0.75 0.6 0.05 0.1
7
0.830423 0.75 0.6 0.05 0.2
7
0.843648 0.75 0.6 0.1 0.05
7
0.840105 0.75 0.6 0.1 0.1
7
0.830781 0.75 0.6 0.1 0.2
7
0.844667 0.75 0.6 0 0.05
9
0.839244 0.75 0.6 0 0.1
9
0.826836 0.75 0.6 0 0.2
9
0.844455 0.75 0.6 0.05 0.05
9
0.838755 0.75 0.6 0.05 0.1
9
0.827499 0.75 0.6 0.05 0.2
9
0.844815 0.75 0.6 0.1 0.05
9
0.839091 0.75 0.6 0.1 0.1
9
0.827289 0.75 0.6 0.1 0.2
9
0.843934 0.75 0.6 0 0.05
11
0.836975 0.75 0.6 0 0.1
11
0.825438 0.75 0.6 0 0.2
11
0.843968 0.75 0.6 0.05 0.05
11
0.836282 0.75 0.6 0.05 0.1
11
0.826229 0.75 0.6 0.05 0.2
11
0.843842 0.75 0.6 0.1 0.05
11
0.837035 0.75 0.6 0.1 0.1
11
0.825308 0.75 0.6 0.1 0.2
11
0.843523 0.75 0.6 0 0.05
13
0.83603 0.75 0.6 0 0.1
13
0.821645 0.75 0.6 0 0.2
13
0.843467 0.75 0.6 0.05 0.05
13
0.836063 0.75 0.6 0.05 0.1
13
0.821631 0.75 0.6 0.05 0.2
13
0.843287 0.75 0.6 0.1 0.05
13
0.835997 0.75 0.6 0.1 0.1
13
0.824006 0.75 0.6 0.1 0.2
13
0.841892 1 0.6 0 0.05
7
0.83964 1 0.6 0 0.1
7
0.833961 1 0.6 0 0.2
7
0.840902 1 0.6 0.05 0.05
7
0.839403 1 0.6 0.05 0.1
7
0.835075 1 0.6 0.05 0.2
7
0.841424 1 0.6 0.1 0.05
7
0.840371 1 0.6 0.1 0.1
7
0.83443 1 0.6 0.1 0.2
7
0.841703 1 0.6 0 0.05
9
0.839995 1 0.6 0 0.1
9
0.832678 1 0.6 0 0.2
9
0.841891 1 0.6 0.05 0.05
9
0.838953 1 0.6 0.05 0.1
9
0.832293 1 0.6 0.05 0.2
9
0.841708 1 0.6 0.1 0.05
9
0.83836 1 0.6 0.1 0.1
9
0.831964 1 0.6 0.1 0.2
9
0.842184 1 0.6 0 0.05
11
0.83753 1 0.6 0 0.1
11
0.829526 1 0.6 0 0.2
11
0.842459 1 0.6 0.05 0.05
11
0.838022 1 0.6 0.05 0.1
11
0.830657 1 0.6 0.05 0.2
11
0.842545 1 0.6 0.1 0.05
11
0.838519 1 0.6 0.1 0.1
11
0.831034 1 0.6 0.1 0.2
11
0.842099 1 0.6 0 0.05
13
0.83746 1 0.6 0 0.1
13
0.828938 1 0.6 0 0.2
13
0.841723 1 0.6 0.05 0.05
13
0.837145 1 0.6 0.05 0.1
13
0.829837 1 0.6 0.05 0.2
13
0.841876 1 0.6 0.1 0.05
13
0.837156 1 0.6 0.1 0.1
13
0.828993 1 0.6 0.1 0.2
13
0.842932 0.5 0.8 0 0.05
7
0.836922 0.5 0.8 0 0.1
7
0.82236 0.5 0.8 0 0.2
7
0.842418 0.5 0.8 0.05 0.05
7
0.8365 0.5 0.8 0.05 0.1
7
0.824392 0.5 0.8 0.05 0.2
7
0.842749 0.5 0.8 0.1 0.05
7
0.837402 0.5 0.8 0.1 0.1
7
0.822639 0.5 0.8 0.1 0.2
7
0.84279 0.5 0.8 0 0.05
9
0.833557 0.5 0.8 0 0.1
9
0.819399 0.5 0.8 0 0.2
9
0.842473 0.5 0.8 0.05 0.05
9
0.833428 0.5 0.8 0.05 0.1
9
0.817493 0.5 0.8 0.05 0.2
9
0.842719 0.5 0.8 0.1 0.05
9
0.835306 0.5 0.8 0.1 0.1
9
0.818036 0.5 0.8 0.1 0.2
9
0.841885 0.5 0.8 0 0.05
11
0.831674 0.5 0.8 0 0.1
11
0.814512 0.5 0.8 0 0.2
11
0.84055 0.5 0.8 0.05 0.05
11
0.830889 0.5 0.8 0.05 0.1
11
0.815542 0.5 0.8 0.05 0.2
11
0.842116 0.5 0.8 0.1 0.05
11
0.832073 0.5 0.8 0.1 0.1
11
0.815326 0.5 0.8 0.1 0.2
11
0.839743 0.5 0.8 0 0.05
13
0.82997 0.5 0.8 0 0.1
13
0.813204 0.5 0.8 0 0.2
13
0.840507 0.5 0.8 0.05 0.05
13
0.829392 0.5 0.8 0.05 0.1
13
0.812825 0.5 0.8 0.05 0.2
13
0.840607 0.5 0.8 0.1 0.05
13
0.829492 0.5 0.8 0.1 0.1
13
0.81315 0.5 0.8 0.1 0.2
13
0.843453 0.75 0.8 0 0.05
7
0.839891 0.75 0.8 0 0.1
7
0.829125 0.75 0.8 0 0.2
7
0.844157 0.75 0.8 0.05 0.05
7
0.839575 0.75 0.8 0.05 0.1
7
0.828801 0.75 0.8 0.05 0.2
7
0.843845 0.75 0.8 0.1 0.05
7
0.840037 0.75 0.8 0.1 0.1
7
0.828657 0.75 0.8 0.1 0.2
7
0.843409 0.75 0.8 0 0.05
9
0.837336 0.75 0.8 0 0.1
9
0.826688 0.75 0.8 0 0.2
9
0.844029 0.75 0.8 0.05 0.05
9
0.838021 0.75 0.8 0.05 0.1
9
0.824734 0.75 0.8 0.05 0.2
9
0.843328 0.75 0.8 0.1 0.05
9
0.838012 0.75 0.8 0.1 0.1
9
0.825284 0.75 0.8 0.1 0.2
9
0.84354 0.75 0.8 0 0.05
11
0.836071 0.75 0.8 0 0.1
11
0.823994 0.75 0.8 0 0.2
11
0.843719 0.75 0.8 0.05 0.05
11
0.835847 0.75 0.8 0.05 0.1
11
0.823131 0.75 0.8 0.05 0.2
11
0.843428 0.75 0.8 0.1 0.05
11
0.835414 0.75 0.8 0.1 0.1
11
0.824089 0.75 0.8 0.1 0.2
11
0.842572 0.75 0.8 0 0.05
13
0.8344 0.75 0.8 0 0.1
13
0.82177 0.75 0.8 0 0.2
13
0.842996 0.75 0.8 0.05 0.05
13
0.83342 0.75 0.8 0.05 0.1
13
0.820932 0.75 0.8 0.05 0.2
13
0.84384 0.75 0.8 0.1 0.05
13
0.834703 0.75 0.8 0.1 0.1
13
0.820325 0.75 0.8 0.1 0.2
13
0.840696 1 0.8 0 0.05
7
0.838197 1 0.8 0 0.1
7
0.831877 1 0.8 0 0.2
7
0.840993 1 0.8 0.05 0.05
7
0.838822 1 0.8 0.05 0.1
7
0.834223 1 0.8 0.05 0.2
7
0.84067 1 0.8 0.1 0.05
7
0.838497 1 0.8 0.1 0.1
7
0.83192 1 0.8 0.1 0.2
7
0.841028 1 0.8 0 0.05
9
0.836991 1 0.8 0 0.1
9
0.830902 1 0.8 0 0.2
9
0.841314 1 0.8 0.05 0.05
9
0.837359 1 0.8 0.05 0.1
9
0.830576 1 0.8 0.05 0.2
9
0.840589 1 0.8 0.1 0.05
9
0.838476 1 0.8 0.1 0.1
9
0.832253 1 0.8 0.1 0.2
9
0.840223 1 0.8 0 0.05
11
0.837009 1 0.8 0 0.1
11
0.829373 1 0.8 0 0.2
11
0.840646 1 0.8 0.05 0.05
11
0.835802 1 0.8 0.05 0.1
11
0.829411 1 0.8 0.05 0.2
11
0.840157 1 0.8 0.1 0.05
11
0.836179 1 0.8 0.1 0.1
11
0.829135 1 0.8 0.1 0.2
11
0.840467 1 0.8 0 0.05
13
0.835805 1 0.8 0 0.1
13
0.827968 1 0.8 0 0.2
13
0.839548 1 0.8 0.05 0.05
13
0.835205 1 0.8 0.05 0.1
13
0.827536 1 0.8 0.05 0.2
13
0.840417 1 0.8 0.1 0.05
13
0.835157 1 0.8 0.1 0.1
13
0.82772 1 0.8 0.1 0.2
13
0.843188 0.5 1 0 0.05
7
0.836634 0.5 1 0 0.1
7
0.822825 0.5 1 0 0.2
7
0.843447 0.5 1 0.05 0.05
7
0.836352 0.5 1 0.05 0.1
7
0.82051 0.5 1 0.05 0.2
7
0.843431 0.5 1 0.1 0.05
7
0.835282 0.5 1 0.1 0.1
7
0.822877 0.5 1 0.1 0.2
7
0.84271 0.5 1 0 0.05
9
0.834074 0.5 1 0 0.1
9
0.816386 0.5 1 0 0.2
9
0.841932 0.5 1 0.05 0.05
9
0.834507 0.5 1 0.05 0.1
9
0.818024 0.5 1 0.05 0.2
9
0.842959 0.5 1 0.1 0.05
9
0.832004 0.5 1 0.1 0.1
9
0.818833 0.5 1 0.1 0.2
9
0.841501 0.5 1 0 0.05
11
0.831364 0.5 1 0 0.1
11
0.813626 0.5 1 0 0.2
11
0.842288 0.5 1 0.05 0.05
11
0.830117 0.5 1 0.05 0.1
11
0.814473 0.5 1 0.05 0.2
11
0.840466 0.5 1 0.1 0.05
11
0.830318 0.5 1 0.1 0.1
11
0.815126 0.5 1 0.1 0.2
11
0.840284 0.5 1 0 0.05
13
0.828176 0.5 1 0 0.1
13
0.811318 0.5 1 0 0.2
13
0.84007 0.5 1 0.05 0.05
13
0.827943 0.5 1 0.05 0.1
13
0.810062 0.5 1 0.05 0.2
13
0.839538 0.5 1 0.1 0.05
13
0.82924 0.5 1 0.1 0.1
13
0.810641 0.5 1 0.1 0.2
13
0.843202 0.75 1 0 0.05
7
0.838249 0.75 1 0 0.1
7
0.828521 0.75 1 0 0.2
7
0.843479 0.75 1 0.05 0.05
7
0.838392 0.75 1 0.05 0.1
7
0.827763 0.75 1 0.05 0.2
7
0.843967 0.75 1 0.1 0.05
7
0.83824 0.75 1 0.1 0.1
7
0.827485 0.75 1 0.1 0.2
7
0.843599 0.75 1 0 0.05
9
0.838174 0.75 1 0 0.1
9
0.82602 0.75 1 0 0.2
9
0.843926 0.75 1 0.05 0.05
9
0.837353 0.75 1 0.05 0.1
9
0.825989 0.75 1 0.05 0.2
9
0.843215 0.75 1 0.1 0.05
9
0.836723 0.75 1 0.1 0.1
9
0.82438 0.75 1 0.1 0.2
9
0.842631 0.75 1 0 0.05
11
0.835012 0.75 1 0 0.1
11
0.820335 0.75 1 0 0.2
11
0.842524 0.75 1 0.05 0.05
11
0.835391 0.75 1 0.05 0.1
11
0.822083 0.75 1 0.05 0.2
11
0.842759 0.75 1 0.1 0.05
11
0.834317 0.75 1 0.1 0.1
11
0.820577 0.75 1 0.1 0.2
11
0.841322 0.75 1 0 0.05
13
0.833458 0.75 1 0 0.1
13
0.819791 0.75 1 0 0.2
13
0.841747 0.75 1 0.05 0.05
13
0.833253 0.75 1 0.05 0.1
13
0.818104 0.75 1 0.05 0.2
13
0.841269 0.75 1 0.1 0.05
13
0.833445 0.75 1 0.1 0.1
13
0.819514 0.75 1 0.1 0.2
13
0.838556 1 1 0 0.05
7
0.837322 1 1 0 0.1
7
0.832273 1 1 0 0.2
7
0.838999 1 1 0.05 0.05
7
0.837078 1 1 0.05 0.1
7
0.831148 1 1 0.05 0.2
7
0.838869 1 1 0.1 0.05
7
0.836306 1 1 0.1 0.1
7
0.831619 1 1 0.1 0.2
7
0.839332 1 1 0 0.05
9
0.83481 1 1 0 0.1
9
0.830565 1 1 0 0.2
9
0.839347 1 1 0.05 0.05
9
0.835416 1 1 0.05 0.1
9
0.82774 1 1 0.05 0.2
9
0.839888 1 1 0.1 0.05
9
0.835583 1 1 0.1 0.1
9
0.829362 1 1 0.1 0.2
9
0.837953 1 1 0 0.05
11
0.834118 1 1 0 0.1
11
0.827672 1 1 0 0.2
11
0.838733 1 1 0.05 0.05
11
0.83404 1 1 0.05 0.1
11
0.827701 1 1 0.05 0.2
11
0.838338 1 1 0.1 0.05
11
0.834242 1 1 0.1 0.1
11
0.827742 1 1 0.1 0.2
11
0.837346 1 1 0 0.05
13
0.833305 1 1 0 0.1
13
0.826957 1 1 0 0.2
13
0.839133 1 1 0.05 0.05
13
0.83313 1 1 0.05 0.1
13
0.826571 1 1 0.05 0.2
13
0.837655 1 1 0.1 0.05
13
0.834111 1 1 0.1 0.1
13
0.826486 1 1 0.1 0.2
13
